  
 Block Covariance:    1.00000000000000     
  
 Estimating node index :            1           1           1
    r( 1) = 0.7256  a=  1.0000 0.6394 0.3187 0.2500 0.2639 0.2688 0.1946 0.2040 1.0000
    r( 2) = 0.4241  a=  0.6394 1.0000 0.2177 0.1781 0.2040 0.2291 0.1485 0.1644 1.0000
    r( 3) = 0.2688  a=  0.3187 0.2177 1.0000 0.8704 0.8213 0.7256 0.7528 0.7256 1.0000
    r( 4) = 0.2073  a=  0.2500 0.1781 0.8704 1.0000 0.8704 0.7528 0.8704 0.8213 1.0000
    r( 5) = 0.2040  a=  0.2639 0.2040 0.8213 0.8704 1.0000 0.8704 0.8213 0.8704 1.0000
    r( 6) = 0.1946  a=  0.2688 0.2291 0.7256 0.7528 0.8704 1.0000 0.7256 0.8213 1.0000
    r( 7) = 0.1624  a=  0.1946 0.1485 0.7528 0.8704 0.8213 0.7256 1.0000 0.8704 1.0000
    r( 8) = 0.1604  a=  0.2040 0.1644 0.7256 0.8213 0.8704 0.8213 0.8704 1.0000 1.0000
    r( 9) = 1.0000  a=  1.0000 1.0000 1.0000 1.0000 1.0000 1.0000 1.0000 1.0000 0.0000
        
 BLOCK:            1           1           1  at   0.5000000      0.5000000    
  0.5000000    
        
   Lagrange :  -0.144079423963461     
   BLOCK EST: x,y,z,vr,wt 
       2.500       1.500       0.500       3.330       0.817
       5.500       1.500       0.500       0.060       0.016
       0.500       7.500       0.500      12.740       0.113
       0.500       8.500       0.500       6.490       0.001
       1.500       8.500       0.500      20.350      -0.056
       2.500       8.500       0.500       8.900      -0.008
       0.500       9.500       0.500      15.770       0.070
       1.500       9.500       0.500       7.560       0.045
   estimate, variance     4.425291      0.5080537    
 Estimating node index :            2           1           1
    r( 1) = 0.8213  a=  1.0000 0.6394 0.3187 0.2639 0.2500 0.2688 0.2040 0.1946 1.0000
    r( 2) = 0.5196  a=  0.6394 1.0000 0.2177 0.2040 0.1781 0.2291 0.1644 0.1485 1.0000
    r( 3) = 0.2639  a=  0.3187 0.2177 1.0000 0.8213 0.8704 0.7256 0.7256 0.7528 1.0000
    r( 4) = 0.2073  a=  0.2639 0.2040 0.8213 1.0000 0.8704 0.8704 0.8704 0.8213 1.0000
    r( 5) = 0.2040  a=  0.2500 0.1781 0.8704 0.8704 1.0000 0.7528 0.8213 0.8704 1.0000
    r( 6) = 0.2040  a=  0.2688 0.2291 0.7256 0.8704 0.7528 1.0000 0.8213 0.7256 1.0000
    r( 7) = 0.1624  a=  0.2040 0.1644 0.7256 0.8704 0.8213 0.8213 1.0000 0.8704 1.0000
    r( 8) = 0.1604  a=  0.1946 0.1485 0.7528 0.8213 0.8704 0.7256 0.8704 1.0000 1.0000
    r( 9) = 1.0000  a=  1.0000 1.0000 1.0000 1.0000 1.0000 1.0000 1.0000 1.0000 0.0000
        
 BLOCK:            2           1           1  at    1.500000      0.5000000    
  0.5000000    
        
   Lagrange :  -9.542564370423054E-002
   BLOCK EST: x,y,z,vr,wt 
       2.500       1.500       0.500       3.330       0.868
       5.500       1.500       0.500       0.060       0.047
       0.500       7.500       0.500      12.740       0.048
       1.500       8.500       0.500      20.350      -0.039
       0.500       8.500       0.500       6.490      -0.001
       2.500       8.500       0.500       8.900      -0.016
       1.500       9.500       0.500       7.560       0.038
       0.500       9.500       0.500      15.770       0.055
   estimate, variance     3.721173      0.3421904    
 Estimating node index :            3           1           1
    r( 1) = 0.8704  a=  1.0000 0.6394 0.3187 0.2688 0.2639 0.2500 0.2073 0.2040 1.0000
    r( 2) = 0.6215  a=  0.6394 1.0000 0.2177 0.2291 0.2040 0.1781 0.1806 0.1946 1.0000
    r( 3) = 0.2500  a=  0.3187 0.2177 1.0000 0.7256 0.8213 0.8704 0.6585 0.5736 1.0000
    r( 4) = 0.2073  a=  0.2688 0.2291 0.7256 1.0000 0.8704 0.7528 0.8704 0.8213 1.0000
    r( 5) = 0.2040  a=  0.2639 0.2040 0.8213 0.8704 1.0000 0.8704 0.8213 0.7256 1.0000
    r( 6) = 0.1946  a=  0.2500 0.1781 0.8704 0.7528 0.8704 1.0000 0.7256 0.6215 1.0000
    r( 7) = 0.1624  a=  0.2073 0.1806 0.6585 0.8704 0.8213 0.7256 1.0000 0.8704 1.0000
    r( 8) = 0.1604  a=  0.2040 0.1946 0.5736 0.8213 0.7256 0.6215 0.8704 1.0000 1.0000
    r( 9) = 1.0000  a=  1.0000 1.0000 1.0000 1.0000 1.0000 1.0000 1.0000 1.0000 0.0000
        
 BLOCK:            3           1           1  at    2.500000      0.5000000    
  0.5000000    
        
   Lagrange :  -5.749743094427066E-002
   BLOCK EST: x,y,z,vr,wt 
       2.500       1.500       0.500       3.330       0.835
       5.500       1.500       0.500       0.060       0.145
       0.500       7.500       0.500      12.740      -0.011
       2.500       8.500       0.500       8.900      -0.053
       1.500       8.500       0.500      20.350      -0.013
       0.500       8.500       0.500       6.490       0.036
       2.500       9.500       0.500       6.260       0.039
       3.500       9.500       0.500       7.920       0.022
   estimate, variance     2.572827      0.2403850    
 Estimating node index :            4           1           1
    r( 1) = 0.8213  a=  1.0000 0.6394 0.3187 0.2688 0.2639 0.2500 0.1833 0.2040 1.0000
    r( 2) = 0.7256  a=  0.6394 1.0000 0.2177 0.2291 0.2040 0.1781 0.2896 0.1946 1.0000
    r( 3) = 0.2291  a=  0.3187 0.2177 1.0000 0.7256 0.8213 0.8704 0.2073 0.5736 1.0000
    r( 4) = 0.2040  a=  0.2688 0.2291 0.7256 1.0000 0.8704 0.7528 0.3381 0.8213 1.0000
    r( 5) = 0.1946  a=  0.2639 0.2040 0.8213 0.8704 1.0000 0.8704 0.2639 0.7256 1.0000
    r( 6) = 0.1806  a=  0.2500 0.1781 0.8704 0.7528 0.8704 1.0000 0.2040 0.6215 1.0000
    r( 7) = 0.1781  a=  0.1833 0.2896 0.2073 0.3381 0.2639 0.2040 1.0000 0.3979 1.0000
    r( 8) = 0.1624  a=  0.2040 0.1946 0.5736 0.8213 0.7256 0.6215 0.3979 1.0000 1.0000
    r( 9) = 1.0000  a=  1.0000 1.0000 1.0000 1.0000 1.0000 1.0000 1.0000 1.0000 0.0000
        
 BLOCK:            4           1           1  at    3.500000      0.5000000    
  0.5000000    
        
   Lagrange :  -4.398233442091294E-002
   BLOCK EST: x,y,z,vr,wt 
       2.500       1.500       0.500       3.330       0.636
       5.500       1.500       0.500       0.060       0.366
       0.500       7.500       0.500      12.740      -0.034
       2.500       8.500       0.500       8.900      -0.036
       1.500       8.500       0.500      20.350      -0.001
       0.500       8.500       0.500       6.490       0.038
       8.500       7.500       0.500       0.280      -0.002
       3.500       9.500       0.500       7.920       0.032
   estimate, variance     1.875666      0.2593684    
 Estimating node index :            5           1           1
    r( 1) = 0.8213  a=  1.0000 0.6394 0.2896 0.2177 0.2291 0.2040 0.1781 0.1946 1.0000
    r( 2) = 0.7256  a=  0.6394 1.0000 0.1833 0.3187 0.2688 0.2639 0.2500 0.2040 1.0000
    r( 3) = 0.2040  a=  0.2896 0.1833 1.0000 0.2073 0.3381 0.2639 0.2040 0.3979 1.0000
    r( 4) = 0.2040  a=  0.2177 0.3187 0.2073 1.0000 0.7256 0.8213 0.8704 0.5736 1.0000
    r( 5) = 0.1946  a=  0.2291 0.2688 0.3381 0.7256 1.0000 0.8704 0.7528 0.8213 1.0000
    r( 6) = 0.1806  a=  0.2040 0.2639 0.2639 0.8213 0.8704 1.0000 0.8704 0.7256 1.0000
    r( 7) = 0.1644  a=  0.1781 0.2500 0.2040 0.8704 0.7528 0.8704 1.0000 0.6215 1.0000
    r( 8) = 0.1604  a=  0.1946 0.2040 0.3979 0.5736 0.8213 0.7256 0.6215 1.0000 1.0000
    r( 9) = 1.0000  a=  1.0000 1.0000 1.0000 1.0000 1.0000 1.0000 1.0000 1.0000 0.0000
        
 BLOCK:            5           1           1  at    4.500000      0.5000000    
  0.5000000    
        
   Lagrange :  -4.390120565124686E-002
   BLOCK EST: x,y,z,vr,wt 
       5.500       1.500       0.500       0.060       0.632
       2.500       1.500       0.500       3.330       0.370
       8.500       7.500       0.500       0.280      -0.005
       0.500       7.500       0.500      12.740      -0.036
       2.500       8.500       0.500       8.900      -0.036
       1.500       8.500       0.500      20.350       0.000
       0.500       8.500       0.500       6.490       0.044
       3.500       9.500       0.500       7.920       0.031
   estimate, variance     1.009524      0.2592955    
 Estimating node index :            6           1           1
    r( 1) = 0.8704  a=  1.0000 0.6394 0.2896 0.2291 0.1946 0.2177 0.2177 0.2040 1.0000
    r( 2) = 0.6215  a=  0.6394 1.0000 0.1833 0.2688 0.1211 0.1361 0.3187 0.2639 1.0000
    r( 3) = 0.2291  a=  0.2896 0.1833 1.0000 0.3381 0.3126 0.7528 0.2073 0.2639 1.0000
    r( 4) = 0.1806  a=  0.2291 0.2688 0.3381 1.0000 0.1101 0.2040 0.7256 0.8704 1.0000
    r( 5) = 0.1806  a=  0.1946 0.1211 0.3126 0.1101 1.0000 0.4334 0.0926 0.0994 1.0000
    r( 6) = 0.1781  a=  0.2177 0.1361 0.7528 0.2040 0.4334 1.0000 0.1361 0.1604 1.0000
    r( 7) = 0.1781  a=  0.2177 0.3187 0.2073 0.7256 0.0926 0.1361 1.0000 0.8213 1.0000
    r( 8) = 0.1644  a=  0.2040 0.2639 0.2639 0.8704 0.0994 0.1604 0.8213 1.0000 1.0000
    r( 9) = 1.0000  a=  1.0000 1.0000 1.0000 1.0000 1.0000 1.0000 1.0000 1.0000 0.0000
        
 BLOCK:            6           1           1  at    5.500000      0.5000000    
  0.5000000    
        
   Lagrange :  -4.319855642142394E-002
   BLOCK EST: x,y,z,vr,wt 
       5.500       1.500       0.500       0.060       0.819
       2.500       1.500       0.500       3.330       0.138
       8.500       7.500       0.500       0.280      -0.016
       2.500       8.500       0.500       8.900      -0.020
      13.500       3.500       0.500       0.190       0.046
      10.500       7.500       0.500       0.260       0.018
       0.500       7.500       0.500      12.740      -0.015
       1.500       8.500       0.500      20.350       0.030
   estimate, variance    0.7703201      0.2382363    
 Estimating node index :            7           1           1
    r( 1) = 0.8213  a=  1.0000 0.6394 0.2896 0.1946 0.2177 0.2291 0.2177 0.2040 1.0000
    r( 2) = 0.5196  a=  0.6394 1.0000 0.1833 0.1211 0.1361 0.2688 0.3187 0.2639 1.0000
    r( 3) = 0.2500  a=  0.2896 0.1833 1.0000 0.3126 0.7528 0.3381 0.2073 0.2639 1.0000
    r( 4) = 0.2291  a=  0.1946 0.1211 0.3126 1.0000 0.4334 0.1101 0.0926 0.0994 1.0000
    r( 5) = 0.2040  a=  0.2177 0.1361 0.7528 0.4334 1.0000 0.2040 0.1361 0.1604 1.0000
    r( 6) = 0.1644  a=  0.2291 0.2688 0.3381 0.1101 0.2040 1.0000 0.7256 0.8704 1.0000
    r( 7) = 0.1549  a=  0.2177 0.3187 0.2073 0.0926 0.1361 0.7256 1.0000 0.8213 1.0000
    r( 8) = 0.1485  a=  0.2040 0.2639 0.2639 0.0994 0.1604 0.8704 0.8213 1.0000 1.0000
    r( 9) = 1.0000  a=  1.0000 1.0000 1.0000 1.0000 1.0000 1.0000 1.0000 1.0000 0.0000
        
 BLOCK:            7           1           1  at    6.500000      0.5000000    
  0.5000000    
        
   Lagrange :  -5.505621431944053E-002
   BLOCK EST: x,y,z,vr,wt 
       5.500       1.500       0.500       0.060       0.832
       2.500       1.500       0.500       3.330       0.024
       8.500       7.500       0.500       0.280       0.012
      13.500       3.500       0.500       0.190       0.107
      10.500       7.500       0.500       0.260       0.020
       2.500       8.500       0.500       8.900      -0.027
       0.500       7.500       0.500      12.740      -0.007
       1.500       8.500       0.500      20.350       0.040
   estimate, variance    0.6424073      0.3273450    
 Estimating node index :            8           1           1
    r( 1) = 0.7256  a=  1.0000 0.6394 0.1946 0.2896 0.2177 0.1333 0.2291 0.1946 1.0000
    r( 2) = 0.4241  a=  0.6394 1.0000 0.1211 0.1833 0.1361 0.0977 0.2688 0.2040 1.0000
    r( 3) = 0.2896  a=  0.1946 0.1211 1.0000 0.3126 0.4334 0.7528 0.1101 0.1152 1.0000
    r( 4) = 0.2639  a=  0.2896 0.1833 0.3126 1.0000 0.7528 0.2040 0.3381 0.3979 1.0000
    r( 5) = 0.2291  a=  0.2177 0.1361 0.4334 0.7528 1.0000 0.3126 0.2040 0.2500 1.0000
    r( 6) = 0.1806  a=  0.1333 0.0977 0.7528 0.2040 0.3126 1.0000 0.0890 0.0947 1.0000
    r( 7) = 0.1485  a=  0.2291 0.2688 0.1101 0.3381 0.2040 0.0890 1.0000 0.8213 1.0000
    r( 8) = 0.1388  a=  0.1946 0.2040 0.1152 0.3979 0.2500 0.0947 0.8213 1.0000 1.0000
    r( 9) = 1.0000  a=  1.0000 1.0000 1.0000 1.0000 1.0000 1.0000 1.0000 1.0000 0.0000
        
 BLOCK:            8           1           1  at    7.500000      0.5000000    
  0.5000000    
        
   Lagrange :  -7.124329388961660E-002
   BLOCK EST: x,y,z,vr,wt 
       5.500       1.500       0.500       0.060       0.756
       2.500       1.500       0.500       3.330      -0.024
      13.500       3.500       0.500       0.190       0.208
       8.500       7.500       0.500       0.280       0.029
      10.500       7.500       0.500       0.260       0.026
      15.500       3.500       0.500       0.100      -0.020
       2.500       8.500       0.500       8.900      -0.018
       3.500       9.500       0.500       7.920       0.043
   estimate, variance    0.1922830      0.4592302    
 Estimating node index :            9           1           1
    r( 1) = 0.6215  a=  1.0000 0.1946 0.6394 0.2896 0.2177 0.1333 0.2291 0.1946 1.0000
    r( 2) = 0.3590  a=  0.1946 1.0000 0.1211 0.3126 0.4334 0.7528 0.1101 0.1152 1.0000
    r( 3) = 0.3381  a=  0.6394 0.1211 1.0000 0.1833 0.1361 0.0977 0.2688 0.2040 1.0000
    r( 4) = 0.2688  a=  0.2896 0.3126 0.1833 1.0000 0.7528 0.2040 0.3381 0.3979 1.0000
    r( 5) = 0.2500  a=  0.2177 0.4334 0.1361 0.7528 1.0000 0.3126 0.2040 0.2500 1.0000
    r( 6) = 0.2291  a=  0.1333 0.7528 0.0977 0.2040 0.3126 1.0000 0.0890 0.0947 1.0000
    r( 7) = 0.1361  a=  0.2291 0.1101 0.2688 0.3381 0.2040 0.0890 1.0000 0.8213 1.0000
    r( 8) = 0.1321  a=  0.1946 0.1152 0.2040 0.3979 0.2500 0.0947 0.8213 1.0000 1.0000
    r( 9) = 1.0000  a=  1.0000 1.0000 1.0000 1.0000 1.0000 1.0000 1.0000 1.0000 0.0000
        
 BLOCK:            9           1           1  at    8.500000      0.5000000    
  0.5000000    
        
   Lagrange :  -8.359636077221207E-002
   BLOCK EST: x,y,z,vr,wt 
       5.500       1.500       0.500       0.060       0.655
      13.500       3.500       0.500       0.190       0.308
       2.500       1.500       0.500       3.330      -0.052
       8.500       7.500       0.500       0.280       0.042
      10.500       7.500       0.500       0.260       0.030
      15.500       3.500       0.500       0.100      -0.023
       2.500       8.500       0.500       8.900      -0.008
       3.500       9.500       0.500       7.920       0.048
   estimate, variance    0.2519721      0.5645694    
 Estimating node index :           10           1           1
    r( 1) = 0.5196  a=  1.0000 0.1946 0.1333 0.2896 0.2177 0.6394 0.2291 0.1946 1.0000
    r( 2) = 0.4334  a=  0.1946 1.0000 0.7528 0.3126 0.4334 0.1211 0.1101 0.1152 1.0000
    r( 3) = 0.2896  a=  0.1333 0.7528 1.0000 0.2040 0.3126 0.0977 0.0890 0.0947 1.0000
    r( 4) = 0.2639  a=  0.2896 0.3126 0.2040 1.0000 0.7528 0.1833 0.3381 0.3979 1.0000
    r( 5) = 0.2639  a=  0.2177 0.4334 0.3126 0.7528 1.0000 0.1361 0.2040 0.2500 1.0000
    r( 6) = 0.2639  a=  0.6394 0.1211 0.0977 0.1833 0.1361 1.0000 0.2688 0.2040 1.0000
    r( 7) = 0.1279  a=  0.2291 0.1101 0.0890 0.3381 0.2040 0.2688 1.0000 0.8213 1.0000
    r( 8) = 0.1255  a=  0.1946 0.1152 0.0947 0.3979 0.2500 0.2040 0.8213 1.0000 1.0000
    r( 9) = 1.0000  a=  1.0000 1.0000 1.0000 1.0000 1.0000 1.0000 1.0000 1.0000 0.0000
        
 BLOCK:           10           1           1  at    9.500000      0.5000000    
  0.5000000    
        
   Lagrange :  -9.155554724428826E-002
   BLOCK EST: x,y,z,vr,wt 
       5.500       1.500       0.500       0.060       0.546
      13.500       3.500       0.500       0.190       0.403
      15.500       3.500       0.500       0.100      -0.012
       8.500       7.500       0.500       0.280       0.042
      10.500       7.500       0.500       0.260       0.029
       2.500       1.500       0.500       3.330      -0.065
       2.500       8.500       0.500       8.900       0.010
       3.500       9.500       0.500       7.920       0.046
   estimate, variance    0.3698586      0.6278395    
 Estimating node index :           11           1           1
    r( 1) = 0.5074  a=  1.0000 0.1946 0.7528 0.4334 0.3126 0.1211 0.3590 0.2500 1.0000
    r( 2) = 0.4241  a=  0.1946 1.0000 0.1333 0.2177 0.2896 0.6394 0.0890 0.0775 1.0000
    r( 3) = 0.3590  a=  0.7528 0.1333 1.0000 0.3126 0.2040 0.0977 0.5074 0.3979 1.0000
    r( 4) = 0.2688  a=  0.4334 0.2177 0.3126 1.0000 0.7528 0.1361 0.2040 0.1152 1.0000
    r( 5) = 0.2500  a=  0.3126 0.2896 0.2040 0.7528 1.0000 0.1833 0.1353 0.0947 1.0000
    r( 6) = 0.2040  a=  0.1211 0.6394 0.0977 0.1361 0.1833 1.0000 0.0599 0.0486 1.0000
    r( 7) = 0.1361  a=  0.3590 0.0890 0.5074 0.2040 0.1353 0.0599 1.0000 0.3979 1.0000
    r( 8) = 0.1353  a=  0.2500 0.0775 0.3979 0.1152 0.0947 0.0486 0.3979 1.0000 1.0000
    r( 9) = 1.0000  a=  1.0000 1.0000 1.0000 1.0000 1.0000 1.0000 1.0000 1.0000 0.0000
        
 BLOCK:           11           1           1  at    10.50000      0.5000000    
  0.5000000    
        
   Lagrange :  -9.489054050109655E-002
   BLOCK EST: x,y,z,vr,wt 
      13.500       3.500       0.500       0.190       0.492
       5.500       1.500       0.500       0.060       0.432
      15.500       3.500       0.500       0.100      -0.008
      10.500       7.500       0.500       0.260       0.015
       8.500       7.500       0.500       0.280       0.061
       2.500       1.500       0.500       3.330      -0.052
      18.500       6.500       0.500       0.340      -0.020
      20.500       1.500       0.500       0.090       0.080
   estimate, variance   -3.4301382E-02  0.6479713    
 Estimating node index :           12           1           1
    r( 1) = 0.5736  a=  1.0000 0.7528 0.1946 0.4334 0.3126 0.2500 0.1211 0.3590 1.0000
    r( 2) = 0.4334  a=  0.7528 1.0000 0.1333 0.3126 0.2040 0.3979 0.0977 0.5074 1.0000
    r( 3) = 0.3381  a=  0.1946 0.1333 1.0000 0.2177 0.2896 0.0775 0.6394 0.0890 1.0000
    r( 4) = 0.2639  a=  0.4334 0.3126 0.2177 1.0000 0.7528 0.1152 0.1361 0.2040 1.0000
    r( 5) = 0.2291  a=  0.3126 0.2040 0.2896 0.7528 1.0000 0.0947 0.1833 0.1353 1.0000
    r( 6) = 0.1604  a=  0.2500 0.3979 0.0775 0.1152 0.0947 1.0000 0.0486 0.3979 1.0000
    r( 7) = 0.1604  a=  0.1211 0.0977 0.6394 0.1361 0.1833 0.0486 1.0000 0.0599 1.0000
    r( 8) = 0.1549  a=  0.3590 0.5074 0.0890 0.2040 0.1353 0.3979 0.0599 1.0000 1.0000
    r( 9) = 1.0000  a=  1.0000 1.0000 1.0000 1.0000 1.0000 1.0000 1.0000 1.0000 0.0000
        
 BLOCK:           12           1           1  at    11.50000      0.5000000    
  0.5000000    
        
   Lagrange :  -9.986510931387653E-002
   BLOCK EST: x,y,z,vr,wt 
      13.500       3.500       0.500       0.190       0.549
      15.500       3.500       0.500       0.100       0.053
       5.500       1.500       0.500       0.060       0.324
      10.500       7.500       0.500       0.260      -0.002
       8.500       7.500       0.500       0.280       0.057
      20.500       1.500       0.500       0.090       0.088
       2.500       1.500       0.500       3.330      -0.031
      18.500       6.500       0.500       0.340      -0.039
   estimate, variance    3.6259551E-02  0.6365323    
 Estimating node index :           13           1           1
    r( 1) = 0.6215  a=  1.0000 0.7528 0.1946 0.4334 0.3126 0.2500 0.3590 0.1211 1.0000
    r( 2) = 0.5074  a=  0.7528 1.0000 0.1333 0.3126 0.2040 0.3979 0.5074 0.0977 1.0000
    r( 3) = 0.2639  a=  0.1946 0.1333 1.0000 0.2177 0.2896 0.0775 0.0890 0.6394 1.0000
    r( 4) = 0.2500  a=  0.4334 0.3126 0.2177 1.0000 0.7528 0.1152 0.2040 0.1361 1.0000
    r( 5) = 0.2040  a=  0.3126 0.2040 0.2896 0.7528 1.0000 0.0947 0.1353 0.1833 1.0000
    r( 6) = 0.2040  a=  0.2500 0.3979 0.0775 0.1152 0.0947 1.0000 0.3979 0.0486 1.0000
    r( 7) = 0.1833  a=  0.3590 0.5074 0.0890 0.2040 0.1353 0.3979 1.0000 0.0599 1.0000
    r( 8) = 0.1353  a=  0.1211 0.0977 0.6394 0.1361 0.1833 0.0486 0.0599 1.0000 1.0000
    r( 9) = 1.0000  a=  1.0000 1.0000 1.0000 1.0000 1.0000 1.0000 1.0000 1.0000 0.0000
        
 BLOCK:           13           1           1  at    12.50000      0.5000000    
  0.5000000    
        
   Lagrange :  -9.758123218264055E-002
   BLOCK EST: x,y,z,vr,wt 
      13.500       3.500       0.500       0.190       0.564
      15.500       3.500       0.500       0.100       0.132
       5.500       1.500       0.500       0.060       0.219
      10.500       7.500       0.500       0.260      -0.026
       8.500       7.500       0.500       0.280       0.051
      20.500       1.500       0.500       0.090       0.110
      18.500       6.500       0.500       0.340      -0.054
       2.500       1.500       0.500       3.330       0.004
   estimate, variance    0.1453736      0.6053474    
 Estimating node index :           14           1           1
    r( 1) = 0.6394  a=  1.0000 0.7528 0.2500 0.4334 0.3590 0.1946 0.3126 0.1946 1.0000
    r( 2) = 0.5736  a=  0.7528 1.0000 0.3979 0.3126 0.5074 0.1333 0.2040 0.3187 1.0000
    r( 3) = 0.2639  a=  0.2500 0.3979 1.0000 0.1152 0.3979 0.0775 0.0947 0.5196 1.0000
    r( 4) = 0.2291  a=  0.4334 0.3126 0.1152 1.0000 0.2040 0.2177 0.7528 0.1211 1.0000
    r( 5) = 0.2177  a=  0.3590 0.5074 0.3979 0.2040 1.0000 0.0890 0.1353 0.6215 1.0000
    r( 6) = 0.2040  a=  0.1946 0.1333 0.0775 0.2177 0.0890 1.0000 0.2896 0.0624 1.0000
    r( 7) = 0.1781  a=  0.3126 0.2040 0.0947 0.7528 0.1353 0.2896 1.0000 0.0977 1.0000
    r( 8) = 0.1485  a=  0.1946 0.3187 0.5196 0.1211 0.6215 0.0624 0.0977 1.0000 1.0000
    r( 9) = 1.0000  a=  1.0000 1.0000 1.0000 1.0000 1.0000 1.0000 1.0000 1.0000 0.0000
        
 BLOCK:           14           1           1  at    13.50000      0.5000000    
  0.5000000    
        
   Lagrange :  -9.304462760536861E-002
   BLOCK EST: x,y,z,vr,wt 
      13.500       3.500       0.500       0.190       0.519
      15.500       3.500       0.500       0.100       0.238
      20.500       1.500       0.500       0.090       0.135
      10.500       7.500       0.500       0.260      -0.050
      18.500       6.500       0.500       0.340      -0.084
       5.500       1.500       0.500       0.060       0.156
       8.500       7.500       0.500       0.280       0.048
      21.500       5.500       0.500       0.190       0.038
   estimate, variance    0.1229897      0.5729844    
 Estimating node index :           15           1           1
    r( 1) = 0.6215  a=  1.0000 0.7528 0.3979 0.5074 0.3126 0.3187 0.1333 0.2040 1.0000
    r( 2) = 0.6215  a=  0.7528 1.0000 0.2500 0.3590 0.4334 0.1946 0.1946 0.3126 1.0000
    r( 3) = 0.3381  a=  0.3979 0.2500 1.0000 0.3979 0.1152 0.5196 0.0775 0.0947 1.0000
    r( 4) = 0.2545  a=  0.5074 0.3590 0.3979 1.0000 0.2040 0.6215 0.0890 0.1353 1.0000
    r( 5) = 0.2040  a=  0.3126 0.4334 0.1152 0.2040 1.0000 0.1211 0.2177 0.7528 1.0000
    r( 6) = 0.1781  a=  0.3187 0.1946 0.5196 0.6215 0.1211 1.0000 0.0624 0.0977 1.0000
    r( 7) = 0.1604  a=  0.1333 0.1946 0.0775 0.0890 0.2177 0.0624 1.0000 0.2896 1.0000
    r( 8) = 0.1549  a=  0.2040 0.3126 0.0947 0.1353 0.7528 0.0977 0.2896 1.0000 1.0000
    r( 9) = 1.0000  a=  1.0000 1.0000 1.0000 1.0000 1.0000 1.0000 1.0000 1.0000 0.0000
        
 BLOCK:           15           1           1  at    14.50000      0.5000000    
  0.5000000    
        
   Lagrange :  -8.935927587674795E-002
   BLOCK EST: x,y,z,vr,wt 
      15.500       3.500       0.500       0.100       0.347
      13.500       3.500       0.500       0.190       0.414
      20.500       1.500       0.500       0.090       0.202
      18.500       6.500       0.500       0.340      -0.072
      10.500       7.500       0.500       0.260      -0.069
      21.500       5.500       0.500       0.190       0.012
       5.500       1.500       0.500       0.060       0.113
       8.500       7.500       0.500       0.280       0.053
   estimate, variance    0.1129869      0.5518836    
 Estimating node index :           16           1           1
    r( 1) = 0.6394  a=  1.0000 0.7528 0.3979 0.5074 0.3187 0.3126 0.2040 0.1333 1.0000
    r( 2) = 0.5736  a=  0.7528 1.0000 0.2500 0.3590 0.1946 0.4334 0.3126 0.1946 1.0000
    r( 3) = 0.4241  a=  0.3979 0.2500 1.0000 0.3979 0.5196 0.1152 0.0947 0.0775 1.0000
    r( 4) = 0.2896  a=  0.5074 0.3590 0.3979 1.0000 0.6215 0.2040 0.1353 0.0890 1.0000
    r( 5) = 0.2177  a=  0.3187 0.1946 0.5196 0.6215 1.0000 0.1211 0.0977 0.0624 1.0000
    r( 6) = 0.1781  a=  0.3126 0.4334 0.1152 0.2040 0.1211 1.0000 0.7528 0.2177 1.0000
    r( 7) = 0.1378  a=  0.2040 0.3126 0.0947 0.1353 0.0977 0.7528 1.0000 0.2896 1.0000
    r( 8) = 0.1353  a=  0.1333 0.1946 0.0775 0.0890 0.0624 0.2177 0.2896 1.0000 1.0000
    r( 9) = 1.0000  a=  1.0000 1.0000 1.0000 1.0000 1.0000 1.0000 1.0000 1.0000 0.0000
        
 BLOCK:           16           1           1  at    15.50000      0.5000000    
  0.5000000    
        
   Lagrange :  -8.121416038189873E-002
   BLOCK EST: x,y,z,vr,wt 
      15.500       3.500       0.500       0.100       0.424
      13.500       3.500       0.500       0.190       0.285
      20.500       1.500       0.500       0.090       0.289
      18.500       6.500       0.500       0.340      -0.055
      21.500       5.500       0.500       0.190      -0.009
      10.500       7.500       0.500       0.260      -0.083
       8.500       7.500       0.500       0.280       0.062
       5.500       1.500       0.500       0.060       0.088
   estimate, variance    0.1029905      0.5366752    
 Estimating node index :           17           1           1
    r( 1) = 0.6215  a=  1.0000 0.3979 0.7528 0.5074 0.3187 0.3126 0.1353 0.1211 1.0000
    r( 2) = 0.5196  a=  0.3979 1.0000 0.2500 0.3979 0.5196 0.1152 0.3590 0.3449 1.0000
    r( 3) = 0.5074  a=  0.7528 0.2500 1.0000 0.3590 0.1946 0.4334 0.1106 0.0977 1.0000
    r( 4) = 0.3187  a=  0.5074 0.3979 0.3590 1.0000 0.6215 0.2040 0.2500 0.1485 1.0000
    r( 5) = 0.2639  a=  0.3187 0.5196 0.1946 0.6215 1.0000 0.1211 0.5196 0.3126 1.0000
    r( 6) = 0.1549  a=  0.3126 0.1152 0.4334 0.2040 0.1211 1.0000 0.0744 0.0568 1.0000
    r( 7) = 0.1388  a=  0.1353 0.3590 0.1106 0.2500 0.5196 0.0744 1.0000 0.6215 1.0000
    r( 8) = 0.1353  a=  0.1211 0.3449 0.0977 0.1485 0.3126 0.0568 0.6215 1.0000 1.0000
    r( 9) = 1.0000  a=  1.0000 1.0000 1.0000 1.0000 1.0000 1.0000 1.0000 1.0000 0.0000
        
 BLOCK:           17           1           1  at    16.50000      0.5000000    
  0.5000000    
        
   Lagrange :  -9.269221061981453E-002
   BLOCK EST: x,y,z,vr,wt 
      15.500       3.500       0.500       0.100       0.429
      20.500       1.500       0.500       0.090       0.406
      13.500       3.500       0.500       0.190       0.190
      18.500       6.500       0.500       0.340      -0.025
      21.500       5.500       0.500       0.190      -0.025
      10.500       7.500       0.500       0.260      -0.010
      25.500       4.500       0.500       1.810       0.013
      26.500       1.500       0.500       0.890       0.021
   estimate, variance    0.1428449      0.5300571    
 Estimating node index :           18           1           1
    r( 1) = 0.6215  a=  1.0000 0.3979 0.2500 0.3979 0.5196 0.3590 0.3449 0.1152 1.0000
    r( 2) = 0.5736  a=  0.3979 1.0000 0.7528 0.5074 0.3187 0.1353 0.1211 0.3126 1.0000
    r( 3) = 0.4334  a=  0.2500 0.7528 1.0000 0.3590 0.1946 0.1106 0.0977 0.4334 1.0000
    r( 4) = 0.3381  a=  0.3979 0.5074 0.3590 1.0000 0.6215 0.2500 0.1485 0.2040 1.0000
    r( 5) = 0.3126  a=  0.5196 0.3187 0.1946 0.6215 1.0000 0.5196 0.3126 0.1211 1.0000
    r( 6) = 0.1644  a=  0.3590 0.1353 0.1106 0.2500 0.5196 1.0000 0.6215 0.0744 1.0000
    r( 7) = 0.1604  a=  0.3449 0.1211 0.0977 0.1485 0.3126 0.6215 1.0000 0.0568 1.0000
    r( 8) = 0.1378  a=  0.1152 0.3126 0.4334 0.2040 0.1211 0.0744 0.0568 1.0000 1.0000
    r( 9) = 1.0000  a=  1.0000 1.0000 1.0000 1.0000 1.0000 1.0000 1.0000 1.0000 0.0000
        
 BLOCK:           18           1           1  at    17.50000      0.5000000    
  0.5000000    
        
   Lagrange :  -8.365591475851938E-002
   BLOCK EST: x,y,z,vr,wt 
      20.500       1.500       0.500       0.090       0.543
      15.500       3.500       0.500       0.100       0.368
      13.500       3.500       0.500       0.190       0.111
      18.500       6.500       0.500       0.340      -0.008
      21.500       5.500       0.500       0.190      -0.022
      25.500       4.500       0.500       1.810      -0.002
      26.500       1.500       0.500       0.890       0.011
      10.500       7.500       0.500       0.260       0.000
   estimate, variance    0.1052225      0.4954401    
 Estimating node index :           19           1           1
    r( 1) = 0.7256  a=  1.0000 0.3979 0.5196 0.2500 0.3979 0.3449 0.3590 0.1152 1.0000
    r( 2) = 0.5074  a=  0.3979 1.0000 0.3187 0.7528 0.5074 0.1211 0.1353 0.3126 1.0000
    r( 3) = 0.3590  a=  0.5196 0.3187 1.0000 0.1946 0.6215 0.3126 0.5196 0.1211 1.0000
    r( 4) = 0.3590  a=  0.2500 0.7528 0.1946 1.0000 0.3590 0.0977 0.1106 0.4334 1.0000
    r( 5) = 0.3449  a=  0.3979 0.5074 0.6215 0.3590 1.0000 0.1485 0.2500 0.2040 1.0000
    r( 6) = 0.2040  a=  0.3449 0.1211 0.3126 0.0977 0.1485 1.0000 0.6215 0.0568 1.0000
    r( 7) = 0.2040  a=  0.3590 0.1353 0.5196 0.1106 0.2500 0.6215 1.0000 0.0744 1.0000
    r( 8) = 0.1279  a=  0.1152 0.3126 0.1211 0.4334 0.2040 0.0568 0.0744 1.0000 1.0000
    r( 9) = 1.0000  a=  1.0000 1.0000 1.0000 1.0000 1.0000 1.0000 1.0000 1.0000 0.0000
        
 BLOCK:           19           1           1  at    18.50000      0.5000000    
  0.5000000    
        
   Lagrange :  -6.990176836782190E-002
   BLOCK EST: x,y,z,vr,wt 
      20.500       1.500       0.500       0.090       0.686
      15.500       3.500       0.500       0.100       0.265
      21.500       5.500       0.500       0.190      -0.022
      13.500       3.500       0.500       0.190       0.056
      18.500       6.500       0.500       0.340      -0.001
      26.500       1.500       0.500       0.890       0.014
      25.500       4.500       0.500       1.810      -0.012
      10.500       7.500       0.500       0.260       0.015
   estimate, variance    8.7820388E-02  0.4237067    
 Estimating node index :           20           1           1
    r( 1) = 0.8213  a=  1.0000 0.3979 0.5196 0.3979 0.2500 0.3449 0.3590 0.1333 1.0000
    r( 2) = 0.4334  a=  0.3979 1.0000 0.3187 0.5074 0.7528 0.1211 0.1353 0.1279 1.0000
    r( 3) = 0.3979  a=  0.5196 0.3187 1.0000 0.6215 0.1946 0.3126 0.5196 0.3381 1.0000
    r( 4) = 0.3381  a=  0.3979 0.5074 0.6215 1.0000 0.3590 0.1485 0.2500 0.3126 1.0000
    r( 5) = 0.2896  a=  0.2500 0.7528 0.1946 0.3590 1.0000 0.0977 0.1106 0.1106 1.0000
    r( 6) = 0.2639  a=  0.3449 0.1211 0.3126 0.1485 0.0977 1.0000 0.6215 0.1261 1.0000
    r( 7) = 0.2545  a=  0.3590 0.1353 0.5196 0.2500 0.1106 0.6215 1.0000 0.2291 1.0000
    r( 8) = 0.1183  a=  0.1333 0.1279 0.3381 0.3126 0.1106 0.1261 0.2291 1.0000 1.0000
    r( 9) = 1.0000  a=  1.0000 1.0000 1.0000 1.0000 1.0000 1.0000 1.0000 1.0000 0.0000
        
 BLOCK:           20           1           1  at    19.50000      0.5000000    
  0.5000000    
        
   Lagrange :  -4.685735680578240E-002
   BLOCK EST: x,y,z,vr,wt 
      20.500       1.500       0.500       0.090       0.821
      15.500       3.500       0.500       0.100       0.145
      21.500       5.500       0.500       0.190      -0.039
      18.500       6.500       0.500       0.340      -0.018
      13.500       3.500       0.500       0.190       0.029
      26.500       1.500       0.500       0.890       0.029
      25.500       4.500       0.500       1.810      -0.022
      22.500      11.500       0.500       1.340       0.054
   estimate, variance    0.1387065      0.3141512    
 Estimating node index :           21           1           1
    r( 1) = 0.8704  a=  1.0000 0.5196 0.3979 0.3449 0.3979 0.3590 0.2500 0.1333 1.0000
    r( 2) = 0.4241  a=  0.5196 1.0000 0.3187 0.3126 0.6215 0.5196 0.1946 0.3381 1.0000
    r( 3) = 0.3590  a=  0.3979 0.3187 1.0000 0.1211 0.5074 0.1353 0.7528 0.1279 1.0000
    r( 4) = 0.3381  a=  0.3449 0.3126 0.1211 1.0000 0.1485 0.6215 0.0977 0.1261 1.0000
    r( 5) = 0.3187  a=  0.3979 0.6215 0.5074 0.1485 1.0000 0.2500 0.3590 0.3126 1.0000
    r( 6) = 0.3126  a=  0.3590 0.5196 0.1353 0.6215 0.2500 1.0000 0.1106 0.2291 1.0000
    r( 7) = 0.2291  a=  0.2500 0.1946 0.7528 0.0977 0.3590 0.1106 1.0000 0.1106 1.0000
    r( 8) = 0.1211  a=  0.1333 0.3381 0.1279 0.1261 0.3126 0.2291 0.1106 1.0000 1.0000
    r( 9) = 1.0000  a=  1.0000 1.0000 1.0000 1.0000 1.0000 1.0000 1.0000 1.0000 0.0000
        
 BLOCK:           21           1           1  at    20.50000      0.5000000    
  0.5000000    
        
   Lagrange :  -3.798653598287803E-002
   BLOCK EST: x,y,z,vr,wt 
      20.500       1.500       0.500       0.090       0.886
      21.500       5.500       0.500       0.190      -0.033
      15.500       3.500       0.500       0.100       0.039
      26.500       1.500       0.500       0.890       0.079
      18.500       6.500       0.500       0.340      -0.025
      25.500       4.500       0.500       1.810      -0.011
      13.500       3.500       0.500       0.190       0.021
      22.500      11.500       0.500       1.340       0.045
   estimate, variance    0.1839536      0.2418007    
 Estimating node index :           22           1           1
    r( 1) = 0.8213  a=  1.0000 0.5196 0.3449 0.3590 0.3979 0.3979 0.2500 0.1333 1.0000
    r( 2) = 0.4334  a=  0.5196 1.0000 0.3126 0.5196 0.6215 0.3187 0.1946 0.3381 1.0000
    r( 3) = 0.4241  a=  0.3449 0.3126 1.0000 0.6215 0.1485 0.1211 0.0977 0.1261 1.0000
    r( 4) = 0.3739  a=  0.3590 0.5196 0.6215 1.0000 0.2500 0.1353 0.1106 0.2291 1.0000
    r( 5) = 0.2896  a=  0.3979 0.6215 0.1485 0.2500 1.0000 0.5074 0.3590 0.3126 1.0000
    r( 6) = 0.2896  a=  0.3979 0.3187 0.1211 0.1353 0.5074 1.0000 0.7528 0.1279 1.0000
    r( 7) = 0.1806  a=  0.2500 0.1946 0.0977 0.1106 0.3590 0.7528 1.0000 0.1106 1.0000
    r( 8) = 0.1227  a=  0.1333 0.3381 0.1261 0.2291 0.3126 0.1279 0.1106 1.0000 1.0000
    r( 9) = 1.0000  a=  1.0000 1.0000 1.0000 1.0000 1.0000 1.0000 1.0000 1.0000 0.0000
        
 BLOCK:           22           1           1  at    21.50000      0.5000000    
  0.5000000    
        
   Lagrange :  -3.738237774158444E-002
   BLOCK EST: x,y,z,vr,wt 
      20.500       1.500       0.500       0.090       0.803
      21.500       5.500       0.500       0.190       0.001
      26.500       1.500       0.500       0.890       0.177
      25.500       4.500       0.500       1.810       0.012
      18.500       6.500       0.500       0.340      -0.031
      15.500       3.500       0.500       0.100      -0.021
      13.500       3.500       0.500       0.190       0.021
      22.500      11.500       0.500       1.340       0.038
   estimate, variance    0.2936109      0.3043143    
 Estimating node index :           23           1           1
    r( 1) = 0.7256  a=  1.0000 0.3449 0.3590 0.5196 0.3979 0.3979 0.2500 0.1333 1.0000
    r( 2) = 0.5196  a=  0.3449 1.0000 0.6215 0.3126 0.1485 0.1211 0.0977 0.1261 1.0000
    r( 3) = 0.4334  a=  0.3590 0.6215 1.0000 0.5196 0.2500 0.1353 0.1106 0.2291 1.0000
    r( 4) = 0.4241  a=  0.5196 0.3126 0.5196 1.0000 0.6215 0.3187 0.1946 0.3381 1.0000
    r( 5) = 0.2545  a=  0.3979 0.1485 0.2500 0.6215 1.0000 0.5074 0.3590 0.3126 1.0000
    r( 6) = 0.2291  a=  0.3979 0.1211 0.1353 0.3187 0.5074 1.0000 0.7528 0.1279 1.0000
    r( 7) = 0.1471  a=  0.2500 0.0977 0.1106 0.1946 0.3590 0.7528 1.0000 0.1106 1.0000
    r( 8) = 0.1233  a=  0.1333 0.1261 0.2291 0.3381 0.3126 0.1279 0.1106 1.0000 1.0000
    r( 9) = 1.0000  a=  1.0000 1.0000 1.0000 1.0000 1.0000 1.0000 1.0000 1.0000 0.0000
        
 BLOCK:           23           1           1  at    22.50000      0.5000000    
  0.5000000    
        
   Lagrange :  -3.829344167648363E-002
   BLOCK EST: x,y,z,vr,wt 
      20.500       1.500       0.500       0.090       0.653
      26.500       1.500       0.500       0.890       0.305
      25.500       4.500       0.500       1.810       0.037
      21.500       5.500       0.500       0.190       0.030
      18.500       6.500       0.500       0.340      -0.034
      15.500       3.500       0.500       0.100      -0.056
      13.500       3.500       0.500       0.190       0.033
      22.500      11.500       0.500       1.340       0.031
   estimate, variance    0.4344855      0.3899105    
 Estimating node index :           24           1           1
    r( 1) = 0.6215  a=  1.0000 0.3449 0.3590 0.5196 0.3979 0.3979 0.2500 0.1333 1.0000
    r( 2) = 0.6215  a=  0.3449 1.0000 0.6215 0.3126 0.1485 0.1211 0.0977 0.1261 1.0000
    r( 3) = 0.4844  a=  0.3590 0.6215 1.0000 0.5196 0.2500 0.1353 0.1106 0.2291 1.0000
    r( 4) = 0.3979  a=  0.5196 0.3126 0.5196 1.0000 0.6215 0.3187 0.1946 0.3381 1.0000
    r( 5) = 0.2177  a=  0.3979 0.1485 0.2500 0.6215 1.0000 0.5074 0.3590 0.3126 1.0000
    r( 6) = 0.1806  a=  0.3979 0.1211 0.1353 0.3187 0.5074 1.0000 0.7528 0.1279 1.0000
    r( 7) = 0.1302  a=  0.2500 0.0977 0.1106 0.1946 0.3590 0.7528 1.0000 0.1106 1.0000
    r( 8) = 0.1227  a=  0.1333 0.1261 0.2291 0.3381 0.3126 0.1279 0.1106 1.0000 1.0000
    r( 9) = 1.0000  a=  1.0000 1.0000 1.0000 1.0000 1.0000 1.0000 1.0000 1.0000 0.0000
        
 BLOCK:           24           1           1  at    23.50000      0.5000000    
  0.5000000    
        
   Lagrange :  -3.609035138475385E-002
   BLOCK EST: x,y,z,vr,wt 
      20.500       1.500       0.500       0.090       0.493
      26.500       1.500       0.500       0.890       0.450
      25.500       4.500       0.500       1.810       0.052
      21.500       5.500       0.500       0.190       0.036
      18.500       6.500       0.500       0.340      -0.031
      15.500       3.500       0.500       0.100      -0.083
      13.500       3.500       0.500       0.190       0.057
      22.500      11.500       0.500       1.340       0.026
   estimate, variance    0.5725464      0.4217976    
 Estimating node index :           25           1           1
    r( 1) = 0.7256  a=  1.0000 0.3449 0.6215 0.3126 0.1485 0.1211 0.1644 0.1261 1.0000
    r( 2) = 0.5196  a=  0.3449 1.0000 0.3590 0.5196 0.3979 0.3979 0.1017 0.1333 1.0000
    r( 3) = 0.5196  a=  0.6215 0.3590 1.0000 0.5196 0.2500 0.1353 0.2639 0.2291 1.0000
    r( 4) = 0.3590  a=  0.3126 0.5196 0.5196 1.0000 0.6215 0.3187 0.1388 0.3381 1.0000
    r( 5) = 0.1833  a=  0.1485 0.3979 0.2500 0.6215 1.0000 0.5074 0.1068 0.3126 1.0000
    r( 6) = 0.1471  a=  0.1211 0.3979 0.1353 0.3187 0.5074 1.0000 0.0657 0.1279 1.0000
    r( 7) = 0.1255  a=  0.1644 0.1017 0.2639 0.1388 0.1068 0.0657 1.0000 0.1946 1.0000
    r( 8) = 0.1211  a=  0.1261 0.1333 0.2291 0.3381 0.3126 0.1279 0.1946 1.0000 1.0000
    r( 9) = 1.0000  a=  1.0000 1.0000 1.0000 1.0000 1.0000 1.0000 1.0000 1.0000 0.0000
        
 BLOCK:           25           1           1  at    24.50000      0.5000000    
  0.5000000    
        
   Lagrange :  -3.651866442568713E-002
   BLOCK EST: x,y,z,vr,wt 
      26.500       1.500       0.500       0.890       0.615
      20.500       1.500       0.500       0.090       0.334
      25.500       4.500       0.500       1.810       0.044
      21.500       5.500       0.500       0.190       0.019
      18.500       6.500       0.500       0.340      -0.023
      15.500       3.500       0.500       0.100      -0.028
      30.500       9.500       0.500       1.700       0.012
      22.500      11.500       0.500       1.340       0.027
   estimate, variance    0.7070478      0.3906081    
 Estimating node index :           26           1           1
